Variable	MR3	MR1	MR5	MR4	MR2	Complexity	Uniqueness
circles	0.6746951319536465					1.210374277526538	0.5219784201837103
community_support	0.5865341581925476					1.830452504633117	0.5132617695359105
poverty_supports	0.5863622826464202					1.4861311197034068	0.5204258921061697
culturally_relevant	0.5857046447260046					1.1149619645698619	0.6097298800023964
wraparound	0.5833246895822427					1.7140898943909384	0.6467588591971948
restorative_practice	0.5567947319063					1.2003355038333814	0.6011266454066491
sel_plan	0.5536036608630208					1.2663021885334005	0.581578460391428
sel_integrated	0.5396048657255746					1.2041227849841625	0.6334850663007134
sel	0.5159710804427359					2.72021435966344	0.5298428914518214
immigrants_supports	0.5132177806518747					1.399783771925128	0.6714634185350212
mental_health	0.5122887597440647					1.437588990297927	0.6283290274358724
measures_sel	0.5016262470766865					1.874944211799179	0.5839971020151739
measures_climate	0.4546632239527149					1.8401324404904298	0.6486509818050807
ell_supports	0.45407971163722194					1.8393688204807435	0.6554155020604517
reallocation_resources	0.4303263563705628					1.8048454140821035	0.7063093882577025
equity_plan	0.41419208004832336					1.7505528373193269	0.647820248110764
physical_health	0.4008845044282895					1.5972913760875649	0.7832217347396748
hiring_practices	0.39683640472380494					2.590791071566158	0.5903004141903139
sel_curriculum	0.3812258469545089					1.5699140303355128	0.8189551524841313
equity	0.33759280708346145					3.7913065508408663	0.72309765253853
open_hours	0.3218639092419027					2.058494613358024	0.8091416793917332
measures_purpose	0.28199418986757374					3.0132349401346668	0.6621495578173777
design_margins	0.24392149367253113					2.9865990376633063	0.8699770022139068
projects_primary		0.6828433951349542				1.0242556450747358	0.5349942944513124
interdisciplinary		0.6456359177566597				1.0762916850738589	0.5223517109193914
local_global		0.6342594692810377				1.4633560906252239	0.5041186827213482
design_thinking		0.6143981380757966				1.2955645878647528	0.5893222959730636
service_learning		0.5906384535604949				1.2371379102401603	0.5978513139382534
exhibitions		0.5322763339110539				1.5131582701669866	0.5482901076183413
real_world		0.5201505384490281				1.3269562523897633	0.5808811929831676
student_projects		0.48880268072502725				1.2743404936314633	0.6575889742158795
pbl		0.48773456136255927				2.1147162356686464	0.5558242844286673
portfolios		0.48588893914805087				2.024576951720278	0.5386202634564533
maker		0.43391562413142504				1.1304974698657861	0.7671381895677517
experiential		0.40522132888676343				3.6225202045070977	0.5266492890714698
local_focus		0.3996240115043043				2.3694303922307887	0.6482558538451109
measures_deeper		0.3425442598196014				2.374650086635398	0.6628207353350228
flexible_facilities		0.3274487804018922				2.6422292866311485	0.7015954836075688
ways_mastery		0.3245372650069667				3.183588613123596	0.6185453945114979
student_conferences		0.3192929121661889				3.0966936009471238	0.6893806378034515
makerspace		0.3157392231926996				1.103911765557999	0.8887874228568137
flexible_staffing		0.30230125756025006				2.6424600414373183	0.7547127969976716
relevant_learning		0.2901001352959185				3.7266486875125957	0.6318220834619424
oer		0.25516876684588335				3.1084607236711936	0.7902221229122784
career_prep			0.7469148474091456			1.0823760438862657	0.4386308958335372
graduation_supports			0.6222076993862379			1.4605540858296564	0.44699486718772596
measures_college			0.5993728592549161			1.1745938281389916	0.5508422669648325
outside_credit			0.5982089135291272			1.1766407144213749	0.5896011783491284
community_partnerships			0.44760570350109874			2.463063381152203	0.49404538753154126
devices_home			0.4164538271567647			1.4153309397852165	0.7750262281971176
multi_age			0.41281943728368775			1.6013215349191723	0.7151407529349634
learning_paths			0.37392264110101814			2.41644749264644	0.6526684560958862
measures_career			0.36097596521248587			2.0751751667207783	0.7494804540003119
advisories			0.3591577096487115			3.007098100199723	0.6441559131823856
elimination_tracking			0.35913654264596645			2.7442348371075473	0.6563966651964142
mentoring			0.34476278617464173			2.211027333745359	0.7160356091483022
a_la_carte			0.3184702528255325			1.7461525606818324	0.8670809843987368
information_formats			0.2967893914992696			2.997181886553211	0.7211128938728677
enriched_virtual			0.2654073148568076			2.555972802627644	0.8954789042736359
rigorous_coursework			0.2290491682748188			2.686092165169326	0.8337354310189542
learner_profiles			0.21033063282699754			4.272523787442041	0.7699613015443205
staffing_infrastructure			0.18811853005512358			4.235533153471356	0.8151630985619888
competency_education				0.6326373096258842		1.2101032132803746	0.586270509963207
grading_mastery				0.592047179712415		1.0413422705611286	0.6053004838981493
learner_agency				0.5782310657697816		1.5650775825419194	0.5558942272564315
assessment_schedule				0.5433104387282017		1.363829644247523	0.5943731761561669
competency_framework				0.5025954944578975		1.1482241570709413	0.7066527972417336
advancement_mastery				0.4853916945726575		1.7675885873196326	0.6832395221094308
opportunities_mastery				0.45896439473670975		1.7438589792696286	0.6456728985013438
performance_assessment				0.45715922592440983		1.821275535394361	0.59245797234731
redefining_success				0.3908467424694094		2.8709364135614743	0.6179318025456797
student_pace				0.3747823556053023		2.298853786795407	0.6803858918607955
student_goals				0.36864007632675466		1.9454000472884994	0.714413716330569
flexible_schedule				0.2597909892295919		2.6209685593863568	0.7731019113394644
udl				0.23875905226224547		2.6442454740852357	0.8571368981677616
station_rotation					0.6504937355559697	1.3765626703493847	0.5320467724052883
real_time_data					0.6031421598331449	1.1334650173892566	0.6044723237771474
data_instruction					0.5337123097419365	1.144619077469685	0.6736335189388345
individual_rotation					0.4937637068738654	1.096653353181965	0.7495328485745367
lab_rotation					0.48350523913498283	1.5013569438833951	0.7151730507264433
blended_learning					0.40371535251088125	1.7921490986653237	0.7954529350766162
integrated_data					0.3991174885631193	2.1287068582068716	0.7079898286258322
adaptive_content					0.35482077976757914	1.7330280706235097	0.7889201268041969
flipped_classroom					0.3430063655578405	2.025745203720487	0.8346559320488438
flex					0.3260102632008772	1.555186716536807	0.8532795103461283
student_data					0.29352820717322065	3.3071674754026823	0.7334464008677408
accommodations					0.2607470330375389	4.0494933241754945	0.6625464802332872
quality_materials					0.19284879280604397	2.8108254513384336	0.8929780879289901
