Variable	MR3	MR1	MR5	MR4	MR2	Complexity	Uniqueness
circles	0.6746951319536465	0.15323545315512632	-0.06148154748479321	-0.12973837900585905	-0.05038136392392756	1.210374277526538	0.5219784201837103
community_support	0.5865341581925476	-0.03710056161787184	0.2730288318091193	-0.19711431516404623	0.14560225089773401	1.830452504633117	0.5132617695359105
poverty_supports	0.5863622826464202	-0.12346824665020137	0.16332481634919727	0.12451156141113778	0.14405365514070323	1.4861311197034068	0.5204258921061697
culturally_relevant	0.5857046447260046	0.11412727172191156	0.04506333119953833	-0.06651433458127781	2.7544700053551245e-4	1.1149619645698619	0.6097298800023964
wraparound	0.5833246895822427	-0.27181924205681784	0.012785626383460216	0.04324329592050234	-0.20780545747209112	1.7140898943909384	0.6467588591971948
restorative_practice	0.5567947319063	0.1361608266711648	-0.0029738244489100826	0.08110874768169174	-0.07239988482473905	1.2003355038333814	0.6011266454066491
sel_plan	0.5536036608630208	0.043557647476861965	-0.009270552113233785	0.16725569457597983	0.10034849568689101	1.2663021885334005	0.581578460391428
sel_integrated	0.5396048657255746	0.17028884662424892	-0.022185377992945322	0.014213291416596292	-0.015075695561964187	1.2041227849841625	0.6334850663007134
sel	0.5159710804427359	0.11511727831897678	-0.24292766817067002	0.2804025334167182	-0.2505142589798334	2.72021435966344	0.5298428914518214
immigrants_supports	0.5132177806518747	-0.12035259429069144	0.18702580456032214	0.04287999237483336	0.011907108981828084	1.399783771925128	0.6714634185350212
mental_health	0.5122887597440647	-0.00571362190725469	0.2305178695291819	-0.0390020702197663	0.06290951092669914	1.437588990297927	0.6283290274358724
measures_sel	0.5016262470766865	0.26966000559787634	-0.13189130664565635	0.07207428586257787	0.11409237617573162	1.874944211799179	0.5839971020151739
measures_climate	0.4546632239527149	0.264500130717201	-0.05502107150294268	-0.008700108980510705	0.13117058276012455	1.8401324404904298	0.6486509818050807
ell_supports	0.45407971163722194	-0.011217326149319772	0.12902168346749568	-0.03981787365539001	0.2700766120170258	1.8393688204807435	0.6554155020604517
reallocation_resources	0.4303263563705628	-0.08199320915129552	0.021162971084016075	0.19399274777917064	0.16288177076382543	1.8048454140821035	0.7063093882577025
equity_plan	0.41419208004832336	0.12408203858607782	0.12620514940183825	0.1660948132609134	0.03603462427914061	1.7505528373193269	0.647820248110764
physical_health	0.4008845044282895	-0.017726492917888123	0.12443383701521754	-0.09543702594261382	0.1427464006430095	1.5972913760875649	0.7832217347396748
hiring_practices	0.39683640472380494	0.025569592389829737	0.20738352649273845	0.17397374148807196	0.2140670477133327	2.590791071566158	0.5903004141903139
sel_curriculum	0.3812258469545089	0.14622278198015481	-0.13403947249048967	-0.005421985459541159	0.026842418393911903	1.5699140303355128	0.8189551524841313
equity	0.33759280708346145	-0.21462190477220255	-0.08265760425438116	0.31468018695897293	-0.2702107144068236	3.7913065508408663	0.72309765253853
open_hours	0.3218639092419027	0.05223845360638577	0.19698455896101114	-0.08310139081174564	0.08599557016857227	2.058494613358024	0.8091416793917332
measures_purpose	0.28199418986757374	0.2094086976454703	0.07080437452268136	0.2771086787621382	0.03822977039938045	3.0132349401346668	0.6621495578173777
design_margins	0.24392149367253113	-0.08015513404973627	0.13565490712837672	0.15809675692428232	-0.08945118467887603	2.9865990376633063	0.8699770022139068
projects_primary	-0.03355469601768461	0.6828433951349542	-0.02540799041193606	0.043892768276595634	-0.043964445067436034	1.0242556450747358	0.5349942944513124
interdisciplinary	0.03851901878424495	0.6456359177566597	-0.015861497974634292	0.10417440501111541	0.056418463033695895	1.0762916850738589	0.5223517109193914
local_global	0.22682904241472726	0.6342594692810377	0.021011442281505185	-0.18034873663368597	-0.0743138142098538	1.4633560906252239	0.5041186827213482
design_thinking	-0.002441364974629742	0.6143981380757966	-0.04733864217491057	-0.015862515625294074	0.23253895539740935	1.2955645878647528	0.5893222959730636
service_learning	2.375591746338159e-4	0.5906384535604949	0.14073213632436987	-0.09320056362232912	0.10785637088476811	1.2371379102401603	0.5978513139382534
exhibitions	0.057221303228423316	0.5322763339110539	0.07333574677340934	0.19546798872547305	-0.15058977624815734	1.5131582701669866	0.5482901076183413
real_world	0.057633735788108084	0.5201505384490281	0.10183724241902514	0.16945726393184635	-0.02648585341422794	1.3269562523897633	0.5808811929831676
student_projects	0.010412471601170306	0.48880268072502725	0.1654314560008996	0.06449467842652482	0.030996295633405647	1.2743404936314633	0.6575889742158795
pbl	-0.034296695914688945	0.48773456136255927	0.11379434491606419	0.23826318211627728	-0.2384002291809223	2.1147162356686464	0.5558242844286673
portfolios	-0.034449541864866026	0.48588893914805087	-0.08347368053158066	0.4067873828367673	0.025063262558723834	2.024576951720278	0.5386202634564533
maker	0.07401834538517185	0.43391562413142504	0.0012980921500041903	0.0607099345064327	-0.053750699986206955	1.1304974698657861	0.7671381895677517
experiential	-0.18828983511638028	0.40522132888676343	0.32669658277418423	0.13121687224050424	-0.35929222210918	3.6225202045070977	0.5266492890714698
local_focus	0.35821602422232823	0.3996240115043043	0.057499670374874565	-0.16351403288624114	0.0011359869935221208	2.3694303922307887	0.6482558538451109
measures_deeper	0.1234699831552727	0.3425442598196014	0.2641331476459412	0.09801688989148569	0.015227981000558045	2.374650086635398	0.6628207353350228
flexible_facilities	0.14830753064730126	0.3274487804018922	0.006579791513884187	0.10887325633909188	0.2978272971831605	2.6422292866311485	0.7015954836075688
ways_mastery	-0.03975515969435147	0.3245372650069667	0.2527179001815693	0.2844329405488847	0.11036899826742552	3.183588613123596	0.6185453945114979
student_conferences	0.3167205634989693	0.3192929121661889	-0.16224063574748326	0.18198401847676512	0.027710134984009288	3.0966936009471238	0.6893806378034515
makerspace	-0.02038018131775569	0.3157392231926996	0.06530031800517103	-0.0050372393000272745	0.02108146453025226	1.103911765557999	0.8887874228568137
flexible_staffing	0.20989642353926088	0.30230125756025006	0.19538674969381614	-0.05101325045860986	0.0059433847001275596	2.6424600414373183	0.7547127969976716
relevant_learning	0.14624946176536016	0.2901001352959185	0.13906427064308508	0.2585134299270881	0.17760845858539434	3.7266486875125957	0.6318220834619424
oer	0.1029263779746423	0.25516876684588335	0.17563118596634844	0.024482080933620216	0.19068653610527103	3.1084607236711936	0.7902221229122784
career_prep	-0.06643938803553255	0.10451664020138665	0.7469148474091456	-0.07621476488818464	-0.0392409315043071	1.0823760438862657	0.4386308958335372
graduation_supports	0.22995489323411292	-0.09838045525321727	0.6222076993862379	0.15254211103490328	0.015191740436557966	1.4605540858296564	0.44699486718772596
measures_college	0.12560741644378134	-0.041611084205194854	0.5993728592549161	0.08193180438156625	0.0799242558265161	1.1745938281389916	0.5508422669648325
outside_credit	-0.037918763000200105	0.13236743689147537	0.5982089135291272	0.017105718663366853	-0.10838228282870482	1.1766407144213749	0.5896011783491284
community_partnerships	0.07623569734561493	0.441922421009796	0.44760570350109874	-0.12933731733712386	-0.15268579448791494	2.463063381152203	0.49404538753154126
devices_home	-0.002962835297671734	-0.02855139584993352	0.4164538271567647	0.02035943151141606	0.18994105723212634	1.4153309397852165	0.7750262281971176
multi_age	-0.0072690645398521235	0.10270683598398915	0.41281943728368775	0.19477164187276	-0.04898786776796067	1.6013215349191723	0.7151407529349634
learning_paths	0.007076925456459993	0.037322624147222254	0.37392264110101814	0.29246453211178686	0.18212337983833454	2.41644749264644	0.6526684560958862
measures_career	0.15716689071241555	0.19198297725582641	0.36097596521248587	-0.0752818990345885	-0.0305731849541196	2.0751751667207783	0.7494804540003119
advisories	0.2725776381026031	0.08479284449684242	0.3591577096487115	0.11501917060713919	-0.2228632310671141	3.007098100199723	0.6441559131823856
elimination_tracking	0.20140485974124314	0.022721524188023798	0.35913654264596645	0.2536905773445792	-0.12191498969972017	2.7442348371075473	0.6563966651964142
mentoring	0.2879772963603511	0.060947980546886826	0.34476278617464173	-0.0402975619654609	0.09415104271607791	2.211027333745359	0.7160356091483022
a_la_carte	-0.10017182841035988	-0.01996014774072275	0.3184702528255325	0.03897309356602191	0.15954471461244232	1.7461525606818324	0.8670809843987368
information_formats	0.048548721977080773	0.17302497255990004	0.2967893914992696	0.11366166184665336	0.23781418682415287	2.997181886553211	0.7211128938728677
enriched_virtual	-0.07315656036465934	-0.1205015286970521	0.2654073148568076	-0.08161426048544991	0.16160870673940186	2.555972802627644	0.8954789042736359
rigorous_coursework	0.07386112807275592	0.08699160748502863	0.2290491682748188	0.0641056215175664	0.21535899324234112	2.686092165169326	0.8337354310189542
learner_profiles	0.16763804916194394	0.09106262077458491	0.21033063282699754	0.17135035973019783	0.16903853756653467	4.272523787442041	0.7699613015443205
staffing_infrastructure	0.18233559598455035	0.07378654764447021	0.18811853005512358	0.17972401906780577	-0.15334343422900815	4.235533153471356	0.8151630985619888
competency_education	-0.11940493840108193	-0.028772960504025096	0.10539955848812116	0.6326373096258842	-0.12078517650467188	1.2101032132803746	0.586270509963207
grading_mastery	0.05464774824877206	0.056708949359795244	0.012322527498097868	0.592047179712415	-0.029107600976074885	1.0413422705611286	0.6053004838981493
learner_agency	0.2135900337153109	0.09703399111704503	-0.18452387958397254	0.5782310657697816	-0.03212068637282155	1.5650775825419194	0.5558942272564315
assessment_schedule	-0.04450234048875147	0.07915530506235013	0.14099003158776996	0.5433104387282017	0.1528335734773868	1.363829644247523	0.5943731761561669
competency_framework	-0.03262429913795215	-7.650554251012465e-4	0.13185776179127387	0.5025954944578975	0.01630347322799743	1.1482241570709413	0.7066527972417336
advancement_mastery	-0.05116431594416445	-0.08858686559295965	0.0187429367874746	0.4853916945726575	0.29707126138230505	1.7675885873196326	0.6832395221094308
opportunities_mastery	5.301130605067151e-4	0.1977874151257294	0.031268690778618435	0.45896439473670975	0.19024692566278234	1.7438589792696286	0.6456728985013438
performance_assessment	0.03714883481853462	0.3036826098706852	0.02036727423049972	0.45715922592440983	0.07325331955837916	1.821275535394361	0.59245797234731
redefining_success	0.2521208149304486	-0.019448408960351195	0.10034017068689448	0.3908467424694094	-0.3533442678601787	2.8709364135614743	0.6179318025456797
student_pace	-0.02485053784221082	-0.033937479815546574	0.1392469089261975	0.3747823556053023	0.35642789910194744	2.298853786795407	0.6803858918607955
student_goals	0.1489809564782494	0.1251885754067485	0.0612119450524132	0.36864007632675466	0.13178505277423874	1.9454000472884994	0.714413716330569
flexible_schedule	0.09988802663441264	0.07876060269032883	0.23609731662748956	0.2597909892295919	0.060781735484832705	2.6209685593863568	0.7731019113394644
udl	0.05241990264110893	0.06134715498730918	0.10603334445208384	0.23875905226224547	-0.21671626369753233	2.6442454740852357	0.8571368981677616
station_rotation	0.13582698235601917	0.07517867690956417	-0.1814996629601906	-0.13703327690366846	0.6504937355559697	1.3765626703493847	0.5320467724052883
real_time_data	0.027370980099988004	-0.0832152592918936	0.015034699306464089	0.1267452194256179	0.6031421598331449	1.1334650173892566	0.6044723237771474
data_instruction	0.13324899304470658	0.0329904388592807	-0.010239162237791394	0.039391962192571434	0.5337123097419365	1.144619077469685	0.6736335189388345
individual_rotation	-0.06183392052928312	-0.0207467935259546	0.0055426987640104786	0.08587441268880891	0.4937637068738654	1.096653353181965	0.7495328485745367
lab_rotation	-0.1243298601504182	0.15973015511750505	0.07155425459470846	0.09585533951306927	0.48350523913498283	1.5013569438833951	0.7151730507264433
blended_learning	-0.16002547969048708	-0.11498862844947659	0.007574348694383504	0.14689184955699214	0.40371535251088125	1.7921490986653237	0.7954529350766162
integrated_data	0.12088616526343636	-0.09420596170031544	0.2715979232400588	0.028075268757795774	0.3991174885631193	2.1287068582068716	0.7079898286258322
adaptive_content	0.09604903763666743	0.16906927050380804	0.05692119388258064	0.059658875852708626	0.35482077976757914	1.7330280706235097	0.7889201268041969
flipped_classroom	-0.13481620346317763	-0.013906827778606943	0.1907596664237696	-0.07004302246687524	0.3430063655578405	2.025745203720487	0.8346559320488438
flex	0.052319230028111514	-0.0706747014279806	0.07697506574216037	0.11902303500860864	0.3260102632008772	1.555186716536807	0.8532795103461283
student_data	0.10186041757678889	-0.07895683383958013	0.2482687081532558	0.2213086780985868	0.29352820717322065	3.3071674754026823	0.7334464008677408
accommodations	0.21191856407714982	0.0681561959771791	0.21655921309009357	0.2255387887872108	0.2607470330375389	4.0494933241754945	0.6625464802332872
quality_materials	0.14811628995679033	0.0392249916528004	0.08398895743633591	0.08045703789317264	0.19284879280604397	2.8108254513384336	0.8929780879289901
