Variable	MR3	MR1	MR5	MR4	MR2	MR6	Complexity	Uniqueness
circles	0.6330422394059964	0.18661008805133136	-0.09792320647845558	-0.09182134891729984	-0.08625029463511269	0.13530040481119335	1.4151112076622088	0.5034562522366948
community_support	0.6240098376446066	-0.014608306372203561	0.21375736586190702	-0.12841227106954595	0.10287106415274087	-0.014341454811072005	1.3885759894894876	0.5041042069872617
poverty_supports	0.6128839473863447	-0.09509208564922554	0.09934952318025304	0.1827416800263496	0.06967267225994578	0.06155411310674702	1.3382204193789995	0.4890410836539094
immigrants_supports	0.575844884415144	-0.08263811061522841	0.12320787812899624	0.12406369949397969	-0.0803125153397646	-0.004253283630191118	1.2756502449855245	0.617500384633377
culturally_relevant	0.5495435832359379	0.13657395136001207	0.014114910663321323	-0.042474074199081197	-0.02167075908688116	0.12484549211016764	1.2497585046801571	0.6015770002606164
ell_supports	0.5299672967644913	0.017360897318797745	0.05565693078604371	0.06206434262446407	0.1804314258246682	-0.08086860033546418	1.3381343294587693	0.6246789187878359
mental_health	0.49278140712099505	0.004027906525404805	0.19870320825920157	-0.02649576797773666	0.05760437121957769	0.09889118156767622	1.4462875342045505	0.6278133102446868
hiring_practices	0.448250104972646	0.04382729308270067	0.1505220561879006	0.24129283577648472	0.14069625811945657	-0.0030460843465090204	2.062468142031267	0.5633617705625887
equity_plan	0.43684110139426746	0.14912577957028478	0.08388082487923468	0.2179028988266773	-0.02870997434387195	0.055935910674967115	1.879752928369513	0.61349863136681
restorative_practice	0.4252526096398792	0.13517417982891725	0.006342005983454001	0.017948361803395513	-0.0270232100675609	0.3016467113075257	2.0523018413916208	0.6022831624555235
reallocation_resources	0.41350305198932935	-0.06725610514273818	-0.017571102338204407	0.21349376745403442	0.11825524453729065	0.107226504186189	1.9250100827900472	0.6981023124331502
sel_integrated	0.39622563264862815	0.16019581370879488	-0.007206256777651944	-0.058052754737015114	0.04902001844002583	0.30131114878939536	2.3235762277808005	0.627406479228618
physical_health	0.39002517500778644	-0.011524188307829442	0.0944438458474367	-0.07536183875426611	0.13522906984753716	0.0464347144453839	1.486958824851374	0.7840043278146992
open_hours	0.2607733266462751	0.03523488868843379	0.20026307527486414	-0.1224173735331501	0.14063300004869472	0.1271302537414397	3.6123040647651155	0.7984313683190923
sel_curriculum	0.2563557864890464	0.13666865733683975	-0.11795021955353946	-0.06652278098059428	0.08027061884536897	0.23706079154364507	3.3845181707560714	0.8116859783236564
quality_materials	0.1926084301905924	0.04825965663520153	0.0493614558514818	0.13066994150483757	0.14434770900759375	-0.050247171652720864	3.19535459519799	0.8857300152703309
interdisciplinary	0.08971774718099326	0.6634329420561526	-0.03419589734779636	0.18515010714439284	-0.0056633183795374575	-0.0726867089671099	1.226079757829616	0.48191374372212614
projects_primary	-0.09662262092640722	0.6588172288317148	0.016036226151625185	0.013195701704526077	0.008329652420230135	0.09885256229180588	1.0913353363547325	0.5350558818485851
local_global	0.2001048486952486	0.6340746867146707	0.02993088100327207	-0.15437997385574276	-0.05936840737784816	0.04119873939633808	1.360081339636262	0.5047419165283195
design_thinking	-0.03973771607100543	0.5865770912534932	-0.029303627043573442	-0.017092200922217797	0.2678135926437453	0.02496647057118251	1.4221726785620643	0.5854226392149812
service_learning	-3.682904039137465e-4	0.5679809969044904	0.15370436939110327	-0.07748283400221585	0.13773207799472975	-0.023239275971252117	1.3157767742721729	0.5994887563864703
exhibitions	0.06212130392845277	0.5414958618419202	0.07953394645621141	0.21997574552184113	-0.17651169820607351	0.04741488788857036	1.6606391904336997	0.5243314835303169
real_world	0.11101977306463374	0.53818248925017	0.08454365345901982	0.23755593556159801	-0.08674588075452735	-0.04507347671382683	1.6109695009691014	0.5385464364639823
portfolios	-0.019996476068637317	0.4964771030830439	-0.08982983780918999	0.4445010937545372	-0.03395793001246456	0.032731445313274043	2.0709409719594487	0.5017415922305517
student_projects	0.04570697988162648	0.4856093250959401	0.16295143191486264	0.10439077967539442	0.013439440538852723	-0.042249111880675594	1.3626201008584164	0.6501835812686568
pbl	-0.14200945586711156	0.4558380293584885	0.1765611009887675	0.14197953133248245	-0.15137751696347712	0.23454828393267496	2.6303110522539304	0.5508542553998574
local_focus	0.4068832075551612	0.43132080888105107	0.018338189151964633	-0.07320698466854825	-0.060081517073104135	-0.05808561453020594	2.137753389308419	0.6118680226405164
maker	-0.13668858940527617	0.38105691267367414	0.08625468795532766	-0.10954145961137281	0.11918913720432908	0.35363574014871296	2.776994057945044	0.6651656704862109
student_conferences	0.22730127333375794	0.3186594014680564	-0.15464808873196667	0.15514613932712928	0.03483987561038449	0.20279682637035584	3.7479296604902204	0.6897813411193581
measures_deeper	0.06431945242247084	0.3124622872890093	0.29015037157370716	0.04578379479816421	0.08019016886283165	0.13875451189009635	2.6788712669542054	0.6558807508772361
flexible_staffing	0.10077033416854629	0.2666575045881466	0.235667638738422	-0.13749857486086925	0.11130838249183454	0.19949856882186867	4.180423440299621	0.721547393998224
career_prep	0.02747471703552805	0.08591942565340675	0.7375636366262006	-0.055131640815501926	-0.01259611508879874	-0.12657706339440047	1.1019104875612642	0.4428118821654803
graduation_supports	0.26424660946541273	-0.10689461091381765	0.6005624826922326	0.1457543563365775	0.02556006077408389	0.03860086633149136	1.5973709873256563	0.4486652841499855
outside_credit	0.02604816269270029	0.11988375015899694	0.5965331534669421	0.02520855185319497	-0.08818920582464698	-0.06057256811732393	1.1557385533093234	0.5914071898471089
measures_college	0.2339399753941927	-0.03843053399624395	0.5579759378953326	0.13963020902668233	0.04028273679940827	-0.11356537617440293	1.6048323711202783	0.5399987003587474
multi_age	-0.10353521639788858	0.05020261730420233	0.46989014290579534	0.0711489814672744	0.07157468183525828	0.21211513517861297	1.6417507225969445	0.6669155473150721
community_partnerships	0.09347779778278563	0.4280521440801503	0.4606486766860677	-0.12438028604040782	-0.1112348616535167	-0.005860295499716052	2.360720670047805	0.49610031092414253
devices_home	-0.04346388121377817	-0.07847999836142636	0.4442408595169083	-0.055718635240173744	0.28641987929470275	0.07113700920198213	1.9097705861988692	0.7209941711573742
experiential	-0.2715740348789443	0.36607005391428904	0.4028859761681064	0.02220903991710462	-0.2443177543853675	0.17774322121026578	3.927938409092172	0.5087163671417009
learning_paths	0.025884977859545355	0.013543330761083975	0.36780396487446043	0.27640453667108184	0.19043299470634167	0.02942570725119801	2.4488139101712374	0.6529847038952203
advisories	0.24216403785560053	0.08521600802877725	0.3644729542682053	0.08171342266021095	-0.1957762449144304	0.1456291122968811	3.038864305917717	0.6438436517597976
elimination_tracking	0.17072720373654557	0.015450610085513967	0.3643405144229747	0.20980168723162512	-0.09732035844908819	0.15304987464612407	2.715009890309352	0.6570669874276633
a_la_carte	-0.14361961800882223	-0.06904070395097228	0.35204731409981027	-0.03891177471400353	0.2534935657388451	0.0631558562986263	2.405357143124226	0.815735880249653
measures_career	0.21380855435956078	0.19729791159479487	0.3400679710789567	-0.029510513426483996	-0.04684592317857974	-0.06147910075940504	2.5238967530083345	0.7435722339587616
mentoring	0.29105685810499754	0.05373893927001143	0.3267398289535024	-0.03540004213058984	0.10950543530540238	0.03605952608118167	2.33012079470986	0.7166420424755457
flexible_schedule	0.02104591731560551	0.045132150543247984	0.26390065996687584	0.17471951990887621	0.12969878954063302	0.19270705549580996	3.2927483887090796	0.7587252622405086
information_formats	0.14706073198459776	0.1762767688754333	0.2567002730180686	0.19087756264999142	0.1777409861932907	-0.13702012445600337	4.990585678598635	0.7066203784515197
enriched_virtual	-0.0065339885934385476	-0.1289723771584393	0.24581219029618004	-0.05245026163101532	0.1561974255219065	-0.12972475038219328	3.0454092939012134	0.8953548887493727
advancement_mastery	0.09360810165451071	-0.06164567768134726	-0.0581187241696408	0.6237536092080871	0.13806330237138795	-0.1779237294778582	1.358833088411402	0.5753896835208885
grading_mastery	0.037719117955476375	0.06267248587681216	0.007044742857884784	0.5784455141160139	-0.07544212053751591	0.1454399932412514	1.1967062771581027	0.5832090275489656
performance_assessment	0.08163052534782128	0.32037410544763645	-0.006876203581070682	0.5157281591946015	-0.0115751884093786	0.006850457802349219	1.7339082028537707	0.5384161626527373
assessment_schedule	-0.05558850032236583	0.06137045386862864	0.14333614250881377	0.5125051394321911	0.1401258637991714	0.10469646462618992	1.470101019319431	0.5949944159363667
competency_education	-0.24704716545128147	-0.06939600262492507	0.16389895038396485	0.4859840298619298	-0.04131800645465381	0.320969232872084	2.6532167923043093	0.5707678739825535
competency_framework	-0.0325187438691007	-0.00501618334863284	0.12985262500033967	0.4827609074831275	-0.009516482460118766	0.09317951551181038	1.2342188632436186	0.7002545094558587
opportunities_mastery	-0.00593300932792673	0.18718869388510867	0.02606308032559669	0.4543970913712396	0.1621762910746441	0.07666968640175068	1.6888478905679902	0.6422468655277185
ways_mastery	0.02364956805983045	0.3219799849590319	0.23625454467411502	0.3291189189151651	0.06617422859107183	-0.053642420025542516	2.964711974736799	0.6026690226565212
student_goals	0.09361742081841	0.10963367998586432	0.06590759341347512	0.32684018096205086	0.14209274589801585	0.16604283522231164	2.519358006721422	0.7155137894513822
relevant_learning	0.19485278181321783	0.297309419173238	0.1073044496410619	0.3163620551243316	0.11557558132693653	-0.021188390596117795	3.2367943642338113	0.6084215821460863
accommodations	0.2986890076310528	0.08302432529214301	0.1607354738314208	0.30931863748078336	0.17368837186537245	-0.08033651612781514	3.44188374210917	0.6303823965299563
measures_purpose	0.26812045730011475	0.21833807720371293	0.05292501530983139	0.29151322149943837	0.0026189706901868226	0.10963688715563025	3.248339269524638	0.6471891015905422
station_rotation	0.1459358345597698	0.057439685144317056	-0.21912775995651157	-0.0886127988836168	0.6332243563565282	-0.09297756681025755	1.4673349537454043	0.524271445048105
real_time_data	0.05696646210052577	-0.10552813506087409	-0.019927829018496518	0.15393573337144503	0.5797211576422083	-0.07335263596977029	1.2698591428404646	0.6010953137613488
individual_rotation	-0.09861085399740148	-0.06422131638658482	0.008047248830775108	0.048811863410096995	0.5445275109990828	0.018955115307584064	1.1140088526208995	0.7059015137759858
lab_rotation	-0.15472234828818748	0.11175445925913224	0.08161074932965193	0.06166467810690081	0.5422300427760434	0.0025838768923002187	1.3323164801885643	0.6718891955141629
data_instruction	0.18088627600502583	0.02646329865790806	-0.057656423868680765	0.10271710387242508	0.48421932329394735	-0.10011423717286971	1.513068377965844	0.6750418865089767
integrated_data	0.09449149025876842	-0.13522655997905209	0.2672861918923068	-0.010611517075156202	0.45593250673488916	0.043688116925798645	1.9535769182663352	0.6717158312014445
blended_learning	-0.1454925083270229	-0.14238387548096612	-4.909641747049033e-4	0.1399074809364603	0.40758145331868145	-0.052196519131965144	1.8316629292945739	0.7855857739231821
flexible_facilities	0.03342507982320396	0.283645523214114	0.03561858562374123	0.03075654322886913	0.3860489433136145	0.19077472665125814	2.4149012676960324	0.6609263715292558
flex	0.001210909225623183	-0.10580822461829864	0.08250674372296002	0.06790936499806077	0.37613236843926784	0.08561774062610285	1.4502729879956107	0.8259730688184574
student_pace	-0.030283243058585728	-0.062006309343253296	0.13175602046404902	0.3504840804223723	0.35708675018762653	0.050394479812941956	2.3879558010236277	0.6787105296436169
flipped_classroom	-0.05873994235558702	-0.03053883713886603	0.16672757939285782	-0.0254816289012628	0.33000223524554567	-0.17249343807210146	2.1733737410111926	0.8336873855903209
oer	-0.02040426338769366	0.202456018015184	0.22192889904014085	-0.08503358372843853	0.31950243489298336	0.20156077938963537	3.5667472462445273	0.7163920687030565
student_data	0.08276878359357258	-0.10766978719455808	0.24195151783974292	0.18666354383274417	0.3193120265698001	0.07318003092480463	3.149719486755935	0.7250722538799133
adaptive_content	0.16500841763568072	0.17175140566543629	0.014393936946215456	0.1372833774368406	0.2926223292910667	-0.11656194619281637	3.2291056728144225	0.7819600112324491
learner_profiles	0.08520118349081478	0.05399660087091246	0.23065722663017457	0.09540743638890935	0.24144853634196106	0.18051149447657128	3.5894340329968757	0.7471632802308793
sel	0.18228925946583827	0.07016709004905802	-0.16177658211913132	0.04156416381297173	-0.07243442861369623	0.6802902094745192	1.3204892849361523	0.4246894834753787
redefining_success	0.006881105358662834	-0.06652399773253723	0.1859816197802087	0.17550397427333464	-0.19815014093274477	0.5404775563962347	1.808169544460857	0.5552822439968661
learner_agency	-0.013766265881624357	0.05619760128494745	-0.1253423916198157	0.4061770656722701	0.06959534500557812	0.4912541264802739	2.1586726657624786	0.5225906633586364
equity	0.12978289919678893	-0.23446075228237892	-0.031118282646910488	0.14754942617213432	-0.16864379878351754	0.4594864304727537	2.2707167139944424	0.6985138465421729
staffing_infrastructure	-0.032832601981443804	0.01251244520514401	0.27392500210785814	-0.017938282711883663	0.020223290901009744	0.42780064244002236	1.727950003207889	0.7130258057599742
measures_sel	0.28347343312466766	0.23390203429949097	-0.09331422212688706	-0.0633905420484118	0.2392177997226938	0.41423102652830834	3.3562225461537443	0.5255632614452903
wraparound	0.3987314767514041	-0.2816059396759872	0.03864233545070603	-0.08764778224161818	-0.11431955039590624	0.4070563063533695	3.066038582309385	0.6237711080488897
sel_plan	0.3642211435808355	0.014099341546217423	0.014553225515253704	0.043432867046104745	0.19789820939184594	0.40142498852906117	2.4921048046463667	0.5473596557162568
measures_climate	0.2729714724111113	0.23085581638217756	-0.022950660324528714	-0.12096842769388584	0.24616214607654108	0.3358792756914031	4.002855303640358	0.5979773126788189
makerspace	-0.21918565113198435	0.2545376572584487	0.153827004500045	-0.1831078832865216	0.21194130301044845	0.30239057552825366	5.055247325023769	0.7430879173677325
rigorous_coursework	0.23062095347854977	0.11637576237245872	0.16129337036881797	0.20140248054373444	0.09623279158727585	-0.2373428564546443	4.603710636792165	0.7744179552937384
udl	-0.030456191126998385	0.04647867574537149	0.142459327967075	0.15521727051038564	-0.16188529963853493	0.20885246451588732	3.83563817663579	0.855275231905164
design_margins	0.17039857262674782	-0.08723660695204488	0.14752606058056494	0.0943393533664152	-0.04973675946025076	0.1948227157057553	4.001808548556836	0.8688695261783588
