Variable	MR3	MR1	MR5	MR4	MR2	MR6	Complexity	Uniqueness
circles	0.6330422394059964						1.4151112076622088	0.5034562522366948
community_support	0.6240098376446066						1.3885759894894876	0.5041042069872617
poverty_supports	0.6128839473863447						1.3382204193789995	0.4890410836539094
immigrants_supports	0.575844884415144						1.2756502449855245	0.617500384633377
culturally_relevant	0.5495435832359379						1.2497585046801571	0.6015770002606164
ell_supports	0.5299672967644913						1.3381343294587693	0.6246789187878359
mental_health	0.49278140712099505						1.4462875342045505	0.6278133102446868
hiring_practices	0.448250104972646						2.062468142031267	0.5633617705625887
equity_plan	0.43684110139426746						1.879752928369513	0.61349863136681
restorative_practice	0.4252526096398792						2.0523018413916208	0.6022831624555235
reallocation_resources	0.41350305198932935						1.9250100827900472	0.6981023124331502
sel_integrated	0.39622563264862815						2.3235762277808005	0.627406479228618
physical_health	0.39002517500778644						1.486958824851374	0.7840043278146992
open_hours	0.2607733266462751						3.6123040647651155	0.7984313683190923
sel_curriculum	0.2563557864890464						3.3845181707560714	0.8116859783236564
quality_materials	0.1926084301905924						3.19535459519799	0.8857300152703309
interdisciplinary		0.6634329420561526					1.226079757829616	0.48191374372212614
projects_primary		0.6588172288317148					1.0913353363547325	0.5350558818485851
local_global		0.6340746867146707					1.360081339636262	0.5047419165283195
design_thinking		0.5865770912534932					1.4221726785620643	0.5854226392149812
service_learning		0.5679809969044904					1.3157767742721729	0.5994887563864703
exhibitions		0.5414958618419202					1.6606391904336997	0.5243314835303169
real_world		0.53818248925017					1.6109695009691014	0.5385464364639823
portfolios		0.4964771030830439					2.0709409719594487	0.5017415922305517
student_projects		0.4856093250959401					1.3626201008584164	0.6501835812686568
pbl		0.4558380293584885					2.6303110522539304	0.5508542553998574
local_focus		0.43132080888105107					2.137753389308419	0.6118680226405164
maker		0.38105691267367414					2.776994057945044	0.6651656704862109
student_conferences		0.3186594014680564					3.7479296604902204	0.6897813411193581
measures_deeper		0.3124622872890093					2.6788712669542054	0.6558807508772361
flexible_staffing		0.2666575045881466					4.180423440299621	0.721547393998224
career_prep			0.7375636366262006				1.1019104875612642	0.4428118821654803
graduation_supports			0.6005624826922326				1.5973709873256563	0.4486652841499855
outside_credit			0.5965331534669421				1.1557385533093234	0.5914071898471089
measures_college			0.5579759378953326				1.6048323711202783	0.5399987003587474
multi_age			0.46989014290579534				1.6417507225969445	0.6669155473150721
community_partnerships			0.4606486766860677				2.360720670047805	0.49610031092414253
devices_home			0.4442408595169083				1.9097705861988692	0.7209941711573742
experiential			0.4028859761681064				3.927938409092172	0.5087163671417009
learning_paths			0.36780396487446043				2.4488139101712374	0.6529847038952203
advisories			0.3644729542682053				3.038864305917717	0.6438436517597976
elimination_tracking			0.3643405144229747				2.715009890309352	0.6570669874276633
a_la_carte			0.35204731409981027				2.405357143124226	0.815735880249653
measures_career			0.3400679710789567				2.5238967530083345	0.7435722339587616
mentoring			0.3267398289535024				2.33012079470986	0.7166420424755457
flexible_schedule			0.26390065996687584				3.2927483887090796	0.7587252622405086
information_formats			0.2567002730180686				4.990585678598635	0.7066203784515197
enriched_virtual			0.24581219029618004				3.0454092939012134	0.8953548887493727
advancement_mastery				0.6237536092080871			1.358833088411402	0.5753896835208885
grading_mastery				0.5784455141160139			1.1967062771581027	0.5832090275489656
performance_assessment				0.5157281591946015			1.7339082028537707	0.5384161626527373
assessment_schedule				0.5125051394321911			1.470101019319431	0.5949944159363667
competency_education				0.4859840298619298			2.6532167923043093	0.5707678739825535
competency_framework				0.4827609074831275			1.2342188632436186	0.7002545094558587
opportunities_mastery				0.4543970913712396			1.6888478905679902	0.6422468655277185
ways_mastery				0.3291189189151651			2.964711974736799	0.6026690226565212
student_goals				0.32684018096205086			2.519358006721422	0.7155137894513822
relevant_learning				0.3163620551243316			3.2367943642338113	0.6084215821460863
accommodations				0.30931863748078336			3.44188374210917	0.6303823965299563
measures_purpose				0.29151322149943837			3.248339269524638	0.6471891015905422
station_rotation					0.6332243563565282		1.4673349537454043	0.524271445048105
real_time_data					0.5797211576422083		1.2698591428404646	0.6010953137613488
individual_rotation					0.5445275109990828		1.1140088526208995	0.7059015137759858
lab_rotation					0.5422300427760434		1.3323164801885643	0.6718891955141629
data_instruction					0.48421932329394735		1.513068377965844	0.6750418865089767
integrated_data					0.45593250673488916		1.9535769182663352	0.6717158312014445
blended_learning					0.40758145331868145		1.8316629292945739	0.7855857739231821
flexible_facilities					0.3860489433136145		2.4149012676960324	0.6609263715292558
flex					0.37613236843926784		1.4502729879956107	0.8259730688184574
student_pace					0.35708675018762653		2.3879558010236277	0.6787105296436169
flipped_classroom					0.33000223524554567		2.1733737410111926	0.8336873855903209
oer					0.31950243489298336		3.5667472462445273	0.7163920687030565
student_data					0.3193120265698001		3.149719486755935	0.7250722538799133
adaptive_content					0.2926223292910667		3.2291056728144225	0.7819600112324491
learner_profiles					0.24144853634196106		3.5894340329968757	0.7471632802308793
sel						0.6802902094745192	1.3204892849361523	0.4246894834753787
redefining_success						0.5404775563962347	1.808169544460857	0.5552822439968661
learner_agency						0.4912541264802739	2.1586726657624786	0.5225906633586364
equity						0.4594864304727537	2.2707167139944424	0.6985138465421729
staffing_infrastructure						0.42780064244002236	1.727950003207889	0.7130258057599742
measures_sel						0.41423102652830834	3.3562225461537443	0.5255632614452903
wraparound						0.4070563063533695	3.066038582309385	0.6237711080488897
sel_plan						0.40142498852906117	2.4921048046463667	0.5473596557162568
measures_climate						0.3358792756914031	4.002855303640358	0.5979773126788189
makerspace						0.30239057552825366	5.055247325023769	0.7430879173677325
rigorous_coursework						-0.2373428564546443	4.603710636792165	0.7744179552937384
udl						0.20885246451588732	3.83563817663579	0.855275231905164
design_margins						0.1948227157057553	4.001808548556836	0.8688695261783588
